2.9417154046806644 0.679283792665065
0.6034218952988502 0.5909683286784129
1.3202855519215788 2.070938016993632
2.37050356746066 3.6200914287046837
0.983651105811929 2.5230956316925224
1.9278799772149287 2.473787812435009
2.179196487274857 2.2486021956535267
1.1689007847290118 1.135860519977629
0.6909626355406413 2.1853131806254416
2.193887741249104 1.5784189790950336
2.9932497035351973 2.937555583198287
1.3530183694524953 3.230230079853361
1.6663320162043305 3.2537412046379597
3.645671760582678 2.3662458475198433
1.4411102341517295 3.0437560701105735
1.485843336947273 1.3377595712016401
4.40411933229857 1.901728493598224
0.46891740712637 1.7891399430815642
2.796465840293551 1.0969933033277068
-0.0036485171514044623 0.9757411265044522
1.403037251914298 1.1150374360503823
3.503680882481937 1.5423941471491969
3.221436413076672 0.07702679720757266
1.0988798496046166 4.044153657724042
1.546301269875384 2.2037161472551023
2.0802330424106112 2.047410481060341
0.7418967022755327 2.6205062520905
2.5522200050609998 1.844959784836378
4.227577292070218 2.4896275163474337
0.6447585064487331 2.4828763959709494
0.01846692044671583 2.7370503594502438
2.2882437455810756 -0.232715615958218
1.880876688915427 3.042283933469097
3.8043299319195407 2.1502274825670833
1.8396378209429898 2.623375500613137
1.949340286351277 2.4619487725370397
1.8091261103987397 2.262996052801621
1.009393761651699 3.418797629610971
2.6730299840253857 1.6283911202563672
0.6759175355279781 2.509494099932785
3.166490138238534 1.7166131505039584
2.008376179502045 1.9935238132764252
2.5036300563785048 4.401350705914394
1.4472353028792941 3.766010357603541
1.0798063321664595 2.2948342413900464
3.800263360441299 2.895062779862807
2.4685497822527793 1.7797682833872743
3.207003179365345 0.10372691402056589
2.1871228977998096 2.5311289227784206
4.611607527256048 1.7013778092515974
-1.642499951635588 -3.217758467987486
-3.029804804536397 -4.3048656602250075
-1.2314909030458108 -0.5970377960837643
-1.5747008841423535 -1.4643074100877942
-4.32114997349256 -1.483422001963024
-2.1159042290612877 -2.7557764655138257
-1.0198009788159796 -2.0058207591707347
-1.1988349598832277 -0.6521986227398691
-2.3394354083129887 -2.579648109966902
-3.2126242150471978 -1.780194885580296
-1.508706450692572 -3.0108251182975376
-3.1458279458387146 -1.8178533629037879
-0.6753213375895437 -3.0814159868291586
-2.3062675465966933 -2.501531285739933
-2.9248190034741937 -2.3539819361609675
-2.5676659199936664 -1.129144242388116
-2.8108888130650165 -1.6021580324499718
-2.560717312484279 -2.6477457585035893
-2.7363841038040713 -2.1468739380376745
-2.3790085233670526 -2.0587932000706393
-1.7610303007634895 -2.0478784455851686
-1.4031109272031552 -2.903549991591067
-3.1102432745276207 -1.2211701795478973
-2.9515379395659727 -1.7700282963511214
-2.429152509301453 -1.846678808261396
-1.9362544072084416 0.4692548220273265
-1.9022706282709994 -2.4936223120610266
-4.043981528869438 -1.3401902988155605
-0.29597264930625156 -3.5351471304165925
-2.8901940183523207 -0.12524673615124016
-0.18301113836940575 -2.9294941166062194
-3.3522550174067383 -3.037730405205118
-2.964171651113576 -2.2124170372873113
-2.2514349547849744 -2.9679779545803218
-2.222675113304891 -3.2459337023584673
-2.771578322531231 -1.2569937128232809
-1.265104808760096 -1.3464607109112654
-3.8020341137235683 -1.9937408835368342
-0.9449422701949746 -2.3742037374208893
-2.817972997098653 -1.361792433706905
-0.7484003454744981 -2.6340436277277472
-2.408714616179274 -2.7414202346631846
-3.3990565518227993 -1.0812248594214178
-1.550885301608889 -2.9138997582613557
0.23017100751449293 -2.8712957816680227
-2.052446982250174 -1.4803211200588158
-1.8885150647192281 -2.3102365785151346
-2.3993740871759375 -2.9935298752788984
-2.8765282350783203 -2.1622411235808245
-2.751326453533138 -2.2636214387211635
